1528550136
1528550138
1528550145
1528550146
1528550147
1528550149
1528550150
1528550151
1528550157
1528550158
1528550159
1528550160
1528550162
1528550163
1528550165
1528550166
1528550167
1528550168
1528550169
1528550170
1528550171
1528550172
1528550173
1528550174
1528550180
1528550181
1528550182
1528550183
1528550184
1528550185
1528550186
1528550187
1528550188
1528550189
1528550190
1528550191
1528550193
1528550194
1528550195
1528550196
1528550198
1528550199
1528550200
1528550201
1528550203
1528550204
1528550205
1528550206
1528550207
1528550208
